((("collect" .
   [1 0 0 0 0 0 0])
  ("select" .
   [1 0 0 0 0 0])
  ("pitches" .
   [1 0 0 0 0 0 0])
  ("df" .
   [2 0])
  ("str" .
   [1 0 0])
  ("head" .
   [2 0 0 0])
  ("Batting" .
   [1 0 0 0 0 0 0])
  ("dat" .
   [1 0 0])
  ("end_date" .
   [1 0 0 0 0 0 0 0])
  ("start_date" .
   [0 0 0 0 0 1 0 0 0 0])
  ("pitches.2018.con" .
   [0 0 0 0 0 0 0 1 1 0 0 0 0 0 0 0])
  ("RSQLite" .
   [1 0 0 0 0 0 0])
  ("format" .
   [2 0 0 0 0 0])
  ("end" .
   [5 0 0])
  ("start" .
   [3 0 0 0 0])
  ("as.Date" .
   [2 0 0 0 0 0 0])
  ("library" .
   [3 0 0 0 1 0 0])
  ("ichiro" .
   [0 0 0 1 1 0])))
